%YAML:1.0
---
FPS: 8.6857142857142851e+00
