%YAML:1.0
---
homographyMatrix: !!opencv-matrix
   rows: 3
   cols: 3
   dt: d
   data: [ 1.8915603124554794e+00, -9.6493972839888628e-02,
       -1.1958415885112813e+03, 7.8876474038069036e-02,
       1.7394423979038336e+00, -4.8433329441134356e+02,
       4.0886320558188705e-05, -3.6640933920862718e-05, 1. ]
