%YAML:1.0
---
homographyMatrix: !!opencv-matrix
   rows: 3
   cols: 3
   dt: d
   data: [ 1.3185158581576260e+00, 7.7017171198958548e-03,
       -6.4406910062284021e+02, -8.7642463309068677e-02,
       1.2773555330346655e+00, 2.7092686222755539e+01,
       -2.3413550875529276e-05, -8.2158379577987052e-05, 1. ]
